168,88,
168,89,
238,133,
168,89,
167,87,
161,83,
212,98,
236,101,
104,81,
39,172,
214,83,
371,150,
71,174,
158,88,
160,89,
159,71,
193,80,
178,76,
179,90,
279,161,
174,76,
134,98,
63,100,
214,34,
75,131,
314,130,
347,88,
2,18,
360,23,
185,142,
325,191,
361,211,
73,0,
19,131,
13,57,
367,6,
110,101,
247,145,
195,92,
205,98,
193,100,
166,111,
183,98,
186,98,
187,131,
187,130,
222,135,
103,98,
33,131,
63,54,
8,99,
44,133,
75,105,
160,133,
209,98,
331,134,
342,130,
292,98,
346,109,
217,97,
147,95,
106,98,
44,133,
108,97,
132,101,
